wandb_version: 1

optimization.ema_decay:
  value: 0.03162388639102781
optimization.lambda_aux:
  value: 0.1313702701150168
