wandb_version: 1

optimization.ema_decay:
  value: 0.09462237814752004
optimization.lambda_aux:
  value: 0.13742433791091668
