wandb_version: 1

optimization.ema_decay:
  value: 0.07296352560453587
optimization.lambda_aux:
  value: 0.0968690009470918
