wandb_version: 1

optimization.ema_decay:
  value: 0.05712633417337381
optimization.lambda_aux:
  value: 0.3829814237153287
