wandb_version: 1

optimization.ema_decay:
  value: 0.03436201066062128
optimization.lambda_aux:
  value: 0.48325081615519766
