wandb_version: 1

optimization.ema_decay:
  value: 0.06652442348486995
optimization.lambda_aux:
  value: 0.4404806319805294
