wandb_version: 1

optimization.ema_decay:
  value: 0.07778266259024658
optimization.lambda_aux:
  value: 0.17791084794105022
