wandb_version: 1

optimization.ema_decay:
  value: 0.044043337850249914
optimization.lambda_aux:
  value: 0.4326100178270222
