wandb_version: 1

optimization.ema_decay:
  value: 0.010614867362944352
optimization.lambda_aux:
  value: 0.22135908099677964
