wandb_version: 1

optimization.ema_decay:
  value: 0.07159692079296996
optimization.lambda_aux:
  value: 0.4664990528618898
