wandb_version: 1

optimization.ema_decay:
  value: 0.05934804803137243
optimization.lambda_aux:
  value: 0.428000764141545
