wandb_version: 1

optimization.ema_decay:
  value: 0.026268283637857937
optimization.lambda_aux:
  value: 0.24413006978710183
