wandb_version: 1

optimization.ema_decay:
  value: 0.033357918321520776
optimization.lambda_aux:
  value: 0.34902268317270707
