wandb_version: 1

optimization.ema_decay:
  value: 0.08035924690775804
optimization.lambda_aux:
  value: 0.23801122971750532
