wandb_version: 1

optimization.ema_decay:
  value: 0.06433153354968586
optimization.lambda_aux:
  value: 0.386810518458628
