wandb_version: 1

optimization.ema_decay:
  value: 0.034335185635226084
optimization.lambda_aux:
  value: 0.2401207038189957
