wandb_version: 1

optimization.ema_decay:
  value: 0.06933312826826807
optimization.lambda_aux:
  value: 0.3016923950108073
