wandb_version: 1

optimization.ema_decay:
  value: 0.08258297480544681
optimization.lambda_aux:
  value: 0.4914232167376066
