wandb_version: 1

optimization.ema_decay:
  value: 0.04800347093086572
optimization.lambda_aux:
  value: 0.48577962414843134
